name: proab
channels:
  - conda-forge
  - salilab
  - defaults
dependencies:
  - biopython=1.85=py310ha8f682b_1
  - blinker=1.9.0=pyhff2d567_0
  - blosc=1.21.6=hfd34d9b_1
  - bzip2=1.0.8=h2466b09_7
  - c-blosc2=2.15.2=h9e57077_1
  - ca-certificates=2025.1.31=h56e8100_0
  - click=8.1.8=pyh7428d3b_0
  - colorama=0.4.6=pyhd8ed1ab_1
  - cudatoolkit=11.8.0=h09e9e62_13
  - flask=3.1.0=pyhd8ed1ab_1
  - freesasa=2.2.1=py310ha8f682b_2
  - hdf5=1.14.4=nompi_hd5d9e70_105
  - importlib-metadata=8.6.1=pyha770c72_0
  - intel-openmp=2024.2.1=h57928b3_1083
  - itsdangerous=2.2.0=pyhd8ed1ab_1
  - jinja2=3.1.6=pyhd8ed1ab_0
  - khronos-opencl-icd-loader=2024.10.24=h2466b09_1
  - krb5=1.21.3=hdf4eb48_0
  - libaec=1.1.3=h63175ca_0
  - libblas=3.9.0=31_h641d27c_mkl
  - libcblas=3.9.0=31_h5e41251_mkl
  - libcurl=8.12.1=h88aaa65_0
  - libffi=3.4.6=h537db12_0
  - libhwloc=2.11.2=default_ha69328c_1001
  - libiconv=1.18=h135ad9c_1
  - liblapack=3.9.0=31_h1aa476e_mkl
  - liblzma=5.6.4=h2466b09_0
  - libsqlite=3.49.1=h67fdade_1
  - libssh2=1.11.1=he619c9f_0
  - libwinpthread=12.0.0.r4.gg4f2fc60ca=h57928b3_9
  - libxml2=2.13.6=he286e8c_0
  - libzlib=1.3.1=h2466b09_2
  - lz4-c=1.10.0=h2466b09_1
  - markupsafe=3.0.2=py310h38315fa_1
  - mdtraj=1.10.3=py310h1447844_0
  - mkl=2024.2.2=h66d3029_15
  - modeller=10.6=py310he774522_0
  - numexpr=2.10.2=mkl_py310h11de614_0
  - numpy=2.2.3=py310h4987827_0
  - opencl-headers=2024.10.24=he0c23c2_0
  - openmm=8.2.0=py310hb455a88_2
  - openssl=3.4.1=ha4e3fda_0
  - packaging=24.2=pyhd8ed1ab_2
  - pandas=2.2.3=py310hb4db72f_1
  - pdbfixer=1.11=pyhd8ed1ab_0
  - pip=25.0.1=pyh8b19718_0
  - py-cpuinfo=9.0.0=pyhd8ed1ab_1
  - pyparsing=3.2.1=pyhd8ed1ab_0
  - pytables=3.10.1=py310h36d347b_4
  - python=3.10.16=h37870fc_1_cpython
  - python-dateutil=2.9.0.post0=pyhff2d567_1
  - python-tzdata=2025.1=pyhd8ed1ab_0
  - python_abi=3.10=5_cp310
  - pytz=2024.1=pyhd8ed1ab_0
  - scipy=1.15.2=py310h15c175c_0
  - setuptools=75.8.2=pyhff2d567_0
  - six=1.17.0=pyhd8ed1ab_0
  - snappy=1.2.1=h500f7fa_1
  - tbb=2021.13.0=h62715c5_1
  - tk=8.6.13=h5226925_1
  - typing-extensions=4.12.2=hd8ed1ab_1
  - typing_extensions=4.12.2=pyha770c72_1
  - tzdata=2025a=h78e105d_0
  - ucrt=10.0.22621.0=h57928b3_1
  - vc=14.3=hbf610ac_24
  - vc14_runtime=14.42.34438=hfd919c2_24
  - vs2015_runtime=14.42.34438=h7142326_24
  - werkzeug=3.1.3=pyhd8ed1ab_1
  - wheel=0.45.1=pyhd8ed1ab_1
  - zipp=3.21.0=pyhd8ed1ab_1
  - zlib=1.3.1=h2466b09_2
  - zlib-ng=2.2.4=hbb528cf_0
  - zstd=1.5.7=hbeecb71_2
prefix: C:\Users\c00js\anaconda3\envs\proab
